357 48 0.0101351351351
461 52 5.4222972973
128 284 0.00168918918919
260 461 0.172297297297
600 519 0.00168918918919
260 284 0.616554054054
126 505 0.00337837837838
152 111 0.00337837837838
155 52 7.25506756757
519 111 0.47972972973
111 137 14.0540540541
52 155 7.25506756757
453 284 0.206081081081
50 48 1.05236486486
618 52 0.4375
187 311 0.00168918918919
83 368 0.00675675675676
25 284 0.0135135135135
187 48 0.00168918918919
619 42 0.00506756756757
50 111 1.1097972973
262 516 0.29222972973
260 137 0.452702702703
154 284 0.0101351351351
122 311 0.00168918918919
188 52 1.76351351351
505 228 3.66722972973
460 461 0.320945945946
23 284 0.0777027027027
368 178 1.47635135135
111 368 20.472972973
126 50 0.00168918918919
160 228 1.13682432432
188 368 3.17398648649
152 137 0.00168918918919
128 52 0.00168918918919
111 284 20.1351351351
598 284 0.00168918918919
303 111 0.393581081081
128 70 0.00168918918919
23 505 0.0540540540541
316 111 0.0135135135135
505 284 5.05236486486
284 111 20.1351351351
25 137 0.0152027027027
155 284 4.54898648649
434 52 0.00168918918919
50 461 0.822635135135
165 111 0.00844594594595
370 516 0.00168918918919
149 111 0.00168918918919
241 111 0.00168918918919
373 111 0.00675675675676
115 505 0.0523648648649
516 50 0.5
373 284 0.00506756756757
357 111 0.0168918918919
210 505 0.0101351351351
288 50 0.131756756757
42 228 2.96283783784
155 137 2.61317567568
200 111 2.29222972973
33 111 2.29391891892
461 137 3.23648648649
101 111 0.0219594594595
461 505 3.78547297297
210 48 0.0253378378378
101 52 0.00337837837838
188 284 2.88851351351
178 284 1.61148648649
187 449 0.00168918918919
181 505 0.00168918918919
200 52 2.33108108108
284 368 13.5118243243
210 111 0.0236486486486
50 160 0.8125
187 516 0.00168918918919
453 111 0.317567567568
83 137 0.00675675675676
522 111 0.177364864865
189 33 0.00168918918919
101 284 0.0287162162162
606 155 0.0405405405405
70 368 0.0523648648649
337 368 0.111486486486
516 160 0.584459459459
23 111 0.0658783783784
619 200 0.00675675675676
434 111 0.00168918918919
288 160 0.131756756757
368 137 9.08952702703
516 111 0.597972972973
619 137 0.0101351351351
137 111 14.0540540541
115 284 0.0625
449 111 0.532094594595
52 228 4.53378378378
70 228 0.0371621621622
228 137 3.19763513514
600 368 0.00675675675676
122 284 0.00168918918919
584 461 0.565878378378
557 228 0.00675675675676
522 160 0.266891891892
557 284 0.0152027027027
154 178 0.00675675675676
260 111 0.518581081081
23 228 0.0945945945946
188 111 4.18581081081
598 460 0.00168918918919
81 137 0.00675675675676
503 284 0.00168918918919
33 228 1.32601351351
181 284 0.00337837837838
160 284 1.11148648649
279 368 0.128378378378
228 284 6.36993243243
181 155 0.00168918918919
600 284 0.00675675675676
584 228 0.467905405405
437 50 0.0219594594595
618 368 0.638513513514
303 137 0.194256756757
246 461 0.00168918918919
156 368 0.00675675675676
337 137 0.185810810811
25 111 0.0101351351351
449 188 0.256756756757
52 461 5.4222972973
42 137 2.10810810811
505 111 5.81925675676
557 155 0.0101351351351
598 111 0.00337837837838
113 111 0.00337837837838
522 461 0.175675675676
606 111 0.0388513513514
505 461 3.78547297297
279 284 0.143581081081
303 284 0.243243243243
178 111 1.59966216216
316 228 0.0185810810811
557 505 0.0101351351351
608 284 0.00675675675676
115 52 0.0320945945946
606 284 0.0388513513514
42 284 3.04560810811
81 111 0.0101351351351
111 52 9.12837837838
519 284 1.00337837838
165 284 0.00844594594595
316 461 0.0118243243243
137 461 3.23648648649
288 48 0.197635135135
200 461 0.900337837838
460 284 0.640202702703
460 52 0.239864864865
437 48 0.0388513513514
311 461 0.679054054054
155 505 2.35641891892
154 188 0.00675675675676
311 111 0.969594594595
48 50 1.05236486486
522 155 0.190878378378
460 111 0.613175675676
236 461 0.798986486486
316 284 0.0185810810811
81 228 0.00675675675676
260 368 0.344594594595
373 368 0.00506756756757
126 228 0.00168918918919
642 368 0.209459459459
188 137 2.01351351351
25 368 0.0185810810811
113 42 0.00337837837838
503 111 0.00168918918919
357 137 0.0101351351351
584 137 0.449324324324
303 368 0.346283783784
642 505 0.106418918919
228 111 8.02195945946
48 111 2.57263513514
284 461 6.01858108108
160 111 1.38006756757
619 284 0.0287162162162
81 33 0.00844594594595
388 284 0.00168918918919
337 284 0.263513513514
453 461 0.106418918919
246 303 0.00337837837838
373 137 0.00168918918919
156 111 0.00168918918919
606 52 0.0337837837838
584 284 0.440878378378
155 111 6.10641891892
606 461 0.027027027027
101 137 0.0135135135135
279 155 0.0844594594595
519 368 0.885135135135
126 368 0.00337837837838
33 461 1.22466216216
598 368 0.00168918918919
178 228 0.810810810811
370 461 0.00337837837838
357 368 0.00844594594595
156 519 0.00337837837838
616 284 0.0101351351351
608 111 0.00675675675676
642 111 0.226351351351
616 368 0.0101351351351
50 368 0.898648648649
368 111 20.472972973
228 52 4.53378378378
42 111 4.11148648649
181 642 0.00168918918919
152 368 0.00168918918919
83 111 0.00675675675676
113 505 0.00337837837838
288 284 0.0945945945946
236 368 1.19594594595
453 368 0.089527027027
584 111 0.672297297297
434 368 0.00168918918919
181 52 0.00168918918919
52 284 7.1097972973
368 188 3.17398648649
236 155 1.32432432432
437 111 0.0152027027027
122 111 0.00168918918919
449 52 0.410472972973
228 505 3.66722972973
137 52 4.06081081081
337 52 0.111486486486
437 160 0.0337837837838
600 606 0.00168918918919
460 368 0.584459459459
113 618 0.00675675675676
137 368 9.08952702703
373 178 0.00675675675676
642 284 0.315878378378
303 52 0.0861486486486
23 48 0.0506756756757
42 461 2.4222972973
503 368 0.00168918918919
70 160 0.0371621621622
337 111 0.243243243243
262 461 0.515202702703
48 368 1.18581081081
165 584 0.00337837837838
111 228 8.02195945946
503 188 0.00168918918919
81 284 0.0118243243243
616 52 0.00506756756757
122 228 0.00337837837838
200 368 0.986486486486
619 368 0.00675675675676
246 284 0.00168918918919
516 52 0.839527027027
236 284 2.02027027027
522 48 0.290540540541
618 111 1.05067567568
200 155 1.74324324324
437 178 0.0152027027027
70 111 0.0777027027027
165 461 0.00675675675676
642 461 0.214527027027
618 461 0.35472972973
210 50 0.0219594594595
210 522 0.0168918918919
311 228 0.912162162162
311 284 0.962837837838
160 461 0.935810810811
70 48 0.0726351351351
189 368 0.00168918918919
115 461 0.0287162162162
156 137 0.00675675675676
137 228 3.19763513514
126 642 0.00168918918919
262 160 0.494932432432
434 236 0.00168918918919
113 461 0.00506756756757
178 368 1.47635135135
316 52 0.0101351351351
608 188 0.00506756756757
288 111 0.0996621621622
434 516 0.00168918918919
25 188 0.0152027027027
449 368 0.358108108108
189 453 0.00168918918919
128 228 0.00168918918919
461 284 6.01858108108
48 461 1.06925675676
165 228 0.00506756756757
449 155 0.393581081081
284 52 7.1097972973
618 188 0.236486486486
236 52 1.73986486486
608 368 0.00675675675676
516 284 0.694256756757
262 48 0.54222972973
311 155 0.538851351351
128 505 0.00168918918919
152 303 0.00168918918919
262 111 0.391891891892
122 48 0.00168918918919
616 584 0.00506756756757
33 284 2.11655405405
279 461 0.0861486486486
368 284 13.5118243243
519 137 0.469594594595
178 461 0.831081081081
154 228 0.00506756756757
160 48 1.10304054054
461 111 7.98817567568
52 111 9.12837837838
152 50 0.00168918918919
154 48 0.00506756756757
48 160 1.10304054054
189 165 0.00168918918919
557 461 0.0135135135135
357 284 0.0337837837838
600 111 0.00337837837838
284 228 6.36993243243
453 137 0.106418918919
189 52 0.00168918918919
279 111 0.114864864865
115 111 0.0574324324324
616 228 0.00844594594595
519 461 0.363175675676
33 368 1.21114864865
505 155 2.35641891892
101 368 0.0135135135135
